              precision    recall  f1-score   support

           0       0.93      0.75      0.83       100
           1       0.60      0.93      0.73       100
           2       0.97      0.75      0.85       100
           3       0.80      0.99      0.89       100
           4       0.87      0.75      0.81       100
           5       0.85      0.93      0.89       100
           6       0.94      0.93      0.93       100
           7       0.48      0.79      0.60       100
           8       0.87      0.27      0.41       100
           9       0.72      0.88      0.79       100
          10       0.69      0.35      0.46       100

    accuracy                           0.76      1100
   macro avg       0.79      0.76      0.74      1100
weighted avg       0.79      0.76      0.74      1100
