              precision    recall  f1-score   support

           0       0.46      0.32      0.38       197
           1       0.22      0.28      0.25       178
           2       0.21      0.17      0.19       202
           3       0.61      0.74      0.67       206
           4       0.29      0.27      0.28       204
           5       0.54      0.53      0.53       210
           6       0.72      0.68      0.70       213
           7       0.39      0.31      0.34       194
           8       0.28      0.21      0.24       214
           9       0.34      0.45      0.39       198
          10       0.23      0.31      0.26       184

    accuracy                           0.39      2200
   macro avg       0.39      0.39      0.38      2200
weighted avg       0.39      0.39      0.39      2200
