              precision    recall  f1-score   support

           0       0.53      0.50      0.52       197
           1       0.26      0.30      0.28       178
           2       0.38      0.41      0.40       202
           3       0.64      0.75      0.69       206
           4       0.49      0.49      0.49       204
           5       0.89      0.78      0.83       210
           6       0.91      0.84      0.88       213
           7       0.58      0.49      0.53       194
           8       0.37      0.27      0.31       214
           9       0.45      0.56      0.50       198
          10       0.31      0.34      0.32       184

    accuracy                           0.53      2200
   macro avg       0.53      0.52      0.52      2200
weighted avg       0.54      0.53      0.53      2200
