              precision    recall  f1-score   support

           0       0.77      0.62      0.69       197
           1       0.27      0.37      0.31       178
           2       0.31      0.30      0.30       202
           3       0.70      0.77      0.73       206
           4       0.49      0.44      0.46       204
           5       0.94      0.79      0.86       210
           6       0.86      0.86      0.86       213
           7       0.65      0.53      0.58       194
           8       0.33      0.25      0.28       214
           9       0.43      0.62      0.51       198
          10       0.22      0.24      0.23       184

    accuracy                           0.53      2200
   macro avg       0.54      0.53      0.53      2200
weighted avg       0.55      0.53      0.54      2200
