              precision    recall  f1-score   support

           0       0.99      0.82      0.90       954
           1       0.92      0.86      0.89       921
           2       0.97      0.90      0.93       997
           3       0.92      0.15      0.26       964
           4       0.70      0.98      0.82       952
           5       0.95      0.97      0.96       993
           6       0.84      0.91      0.87       982
           7       0.42      0.62      0.50       951
           8       0.67      0.70      0.69       954
           9       0.97      0.60      0.74       967
          10       0.57      0.86      0.68       923

    accuracy                           0.76     10558
   macro avg       0.81      0.76      0.75     10558
weighted avg       0.81      0.76      0.75     10558
