              precision    recall  f1-score   support

           0       0.34      0.67      0.45        18
           1       0.05      0.05      0.05        22
           2       0.00      0.00      0.00        19
           3       0.67      0.92      0.77        24
           4       0.25      0.08      0.12        25
           5       0.06      0.07      0.06        14
           6       0.00      0.00      0.00        16
           7       0.13      0.37      0.20        19
           8       0.12      0.04      0.06        25
           9       0.41      0.62      0.49        21
          10       0.07      0.06      0.06        17

    accuracy                           0.27       220
   macro avg       0.19      0.26      0.21       220
weighted avg       0.21      0.27      0.22       220
