              precision    recall  f1-score   support

           0       0.91      0.03      0.06       954
           1       0.17      0.06      0.09       921
           2       0.98      0.06      0.12       997
           3       0.31      0.90      0.46       964
           4       0.06      0.06      0.06       952
           5       0.69      0.09      0.15       993
           6       0.24      0.87      0.37       982
           7       0.04      0.09      0.06       951
           8       0.92      0.17      0.29       954
           9       0.16      0.02      0.04       967
          10       0.41      0.04      0.07       923

    accuracy                           0.22     10558
   macro avg       0.45      0.22      0.16     10558
weighted avg       0.45      0.22      0.16     10558
