              precision    recall  f1-score   support

           0       0.00      0.00      0.00       954
           1       0.00      0.00      0.00       921
           2       0.00      0.00      0.00       997
           3       0.00      0.00      0.00       964
           4       0.00      0.00      0.00       952
           5       0.00      0.00      0.00       993
           6       0.00      0.00      0.00       982
           7       0.00      0.00      0.00       951
           8       0.00      0.00      0.00       954
           9       0.00      0.00      0.00       967
          10       0.09      1.00      0.16       923

    accuracy                           0.09     10558
   macro avg       0.01      0.09      0.01     10558
weighted avg       0.01      0.09      0.01     10558
