              precision    recall  f1-score   support

           0       0.95      0.88      0.91       100
           1       0.64      0.45      0.53       100
           2       0.44      0.14      0.21       100
           3       0.41      0.58      0.48       100
           4       1.00      0.43      0.60       100
           5       0.41      0.73      0.52       100
           6       1.00      0.56      0.72       100
           7       0.25      0.84      0.39       100
           8       0.35      0.14      0.20       100
           9       0.50      0.31      0.38       100
          10       0.31      0.16      0.21       100

    accuracy                           0.47      1100
   macro avg       0.57      0.47      0.47      1100
weighted avg       0.57      0.47      0.47      1100
