              precision    recall  f1-score   support

           0       1.00      0.71      0.83       100
           1       0.92      0.83      0.87       100
           2       0.84      0.85      0.85       100
           3       1.00      0.58      0.73       100
           4       0.92      0.90      0.91       100
           5       0.81      0.98      0.89       100
           6       0.96      0.97      0.97       100
           7       0.60      0.64      0.62       100
           8       0.57      0.82      0.67       100
           9       0.87      0.93      0.90       100
          10       0.72      0.73      0.72       100

    accuracy                           0.81      1100
   macro avg       0.84      0.81      0.81      1100
weighted avg       0.84      0.81      0.81      1100
