              precision    recall  f1-score   support

           0       1.00      0.54      0.70       100
           1       1.00      0.12      0.21       100
           2       0.98      0.52      0.68       100
           3       0.91      0.95      0.93       100
           4       0.90      0.90      0.90       100
           5       0.73      0.84      0.78       100
           6       0.48      0.98      0.64       100
           7       0.93      0.68      0.79       100
           8       0.96      0.26      0.41       100
           9       1.00      0.25      0.40       100
          10       0.30      1.00      0.46       100

    accuracy                           0.64      1100
   macro avg       0.84      0.64      0.63      1100
weighted avg       0.84      0.64      0.63      1100
