              precision    recall  f1-score   support

           0       1.00      0.01      0.02       100
           1       0.00      0.00      0.00       100
           2       0.09      0.99      0.17       100
           3       0.76      0.16      0.26       100
           4       0.00      0.00      0.00       100
           5       0.00      0.00      0.00       100
           6       1.00      0.02      0.04       100
           7       0.00      0.00      0.00       100
           8       0.00      0.00      0.00       100
           9       1.00      0.01      0.02       100
          10       0.00      0.00      0.00       100

    accuracy                           0.11      1100
   macro avg       0.35      0.11      0.05      1100
weighted avg       0.35      0.11      0.05      1100
