              precision    recall  f1-score   support

           0       0.00      0.00      0.00       100
           1       0.00      0.00      0.00       100
           2       0.00      0.00      0.00       100
           3       0.94      0.16      0.27       100
           4       0.00      0.00      0.00       100
           5       0.09      1.00      0.17       100
           6       1.00      0.03      0.06       100
           7       0.00      0.00      0.00       100
           8       0.00      0.00      0.00       100
           9       0.00      0.00      0.00       100
          10       0.00      0.00      0.00       100

    accuracy                           0.11      1100
   macro avg       0.18      0.11      0.05      1100
weighted avg       0.18      0.11      0.05      1100
