              precision    recall  f1-score   support

           0       0.49      0.81      0.61       100
           1       0.57      0.73      0.64       100
           2       1.00      0.42      0.59       100
           3       0.89      0.80      0.84       100
           4       1.00      0.22      0.36       100
           5       0.82      0.81      0.81       100
           6       0.67      0.88      0.76       100
           7       0.76      0.81      0.79       100
           8       0.00      0.00      0.00       100
           9       0.61      0.44      0.51       100
          10       0.34      0.83      0.48       100

    accuracy                           0.61      1100
   macro avg       0.65      0.61      0.58      1100
weighted avg       0.65      0.61      0.58      1100
