              precision    recall  f1-score   support

           0       0.00      0.00      0.00       100
           1       0.16      0.07      0.10       100
           2       0.20      0.03      0.05       100
           3       0.79      0.23      0.36       100
           4       0.00      0.00      0.00       100
           5       0.00      0.00      0.00       100
           6       0.19      0.97      0.32       100
           7       0.15      0.58      0.24       100
           8       0.20      0.21      0.20       100
           9       0.00      0.00      0.00       100
          10       0.00      0.00      0.00       100

    accuracy                           0.19      1100
   macro avg       0.15      0.19      0.11      1100
weighted avg       0.15      0.19      0.11      1100
