              precision    recall  f1-score   support

           0       1.00      0.23      0.37       100
           1       0.00      0.00      0.00       100
           2       0.08      0.53      0.14       100
           3       0.00      0.00      0.00       100
           4       0.00      0.00      0.00       100
           5       0.04      0.13      0.06       100
           6       0.94      0.60      0.73       100
           7       0.00      0.00      0.00       100
           8       0.00      0.00      0.00       100
           9       0.34      0.15      0.21       100
          10       0.00      0.00      0.00       100

    accuracy                           0.15      1100
   macro avg       0.22      0.15      0.14      1100
weighted avg       0.22      0.15      0.14      1100
