              precision    recall  f1-score   support

           0       0.94      0.81      0.87       100
           1       0.50      0.04      0.07       100
           2       1.00      0.02      0.04       100
           3       0.64      1.00      0.78       100
           4       0.57      1.00      0.72       100
           5       0.88      0.58      0.70       100
           6       0.95      0.97      0.96       100
           7       0.12      0.44      0.18       100
           8       1.00      0.02      0.04       100
           9       0.39      0.46      0.42       100
          10       0.60      0.03      0.06       100

    accuracy                           0.49      1100
   macro avg       0.69      0.49      0.44      1100
weighted avg       0.69      0.49      0.44      1100
