              precision    recall  f1-score   support

           0       0.00      0.00      0.00       100
           1       0.33      0.01      0.02       100
           2       0.97      0.69      0.81       100
           3       0.08      0.10      0.09       100
           4       0.00      0.00      0.00       100
           5       0.00      0.00      0.00       100
           6       0.00      0.00      0.00       100
           7       0.20      0.05      0.08       100
           8       0.17      0.63      0.27       100
           9       0.20      1.00      0.33       100
          10       0.00      0.00      0.00       100

    accuracy                           0.23      1100
   macro avg       0.18      0.23      0.15      1100
weighted avg       0.18      0.23      0.15      1100
