              precision    recall  f1-score   support

           0       0.00      0.00      0.00       100
           1       0.00      0.00      0.00       100
           2       0.11      0.01      0.02       100
           3       0.00      0.00      0.00       100
           4       0.09      0.99      0.17       100
           5       0.67      0.02      0.04       100
           6       0.00      0.00      0.00       100
           7       0.00      0.00      0.00       100
           8       0.15      0.04      0.06       100
           9       0.00      0.00      0.00       100
          10       0.00      0.00      0.00       100

    accuracy                           0.10      1100
   macro avg       0.09      0.10      0.03      1100
weighted avg       0.09      0.10      0.03      1100
