              precision    recall  f1-score   support

           0       0.27      0.89      0.42       100
           1       0.32      0.47      0.38       100
           2       1.00      0.39      0.56       100
           3       0.69      1.00      0.82       100
           4       0.92      0.12      0.21       100
           5       0.44      0.12      0.19       100
           6       0.84      0.85      0.85       100
           7       0.62      0.44      0.51       100
           8       0.86      0.12      0.21       100
           9       0.45      0.69      0.54       100
          10       0.42      0.27      0.33       100

    accuracy                           0.49      1100
   macro avg       0.62      0.49      0.46      1100
weighted avg       0.62      0.49      0.46      1100
