              precision    recall  f1-score   support

           0       0.61      0.71      0.65       100
           1       0.00      0.00      0.00       100
           2       1.00      0.04      0.08       100
           3       0.77      0.75      0.76       100
           4       0.64      0.44      0.52       100
           5       0.82      0.73      0.77       100
           6       0.69      0.92      0.79       100
           7       0.15      0.72      0.25       100
           8       0.00      0.00      0.00       100
           9       0.50      0.56      0.53       100
          10       0.25      0.02      0.04       100

    accuracy                           0.44      1100
   macro avg       0.49      0.44      0.40      1100
weighted avg       0.49      0.44      0.40      1100
