              precision    recall  f1-score   support

           0       0.99      0.87      0.93       954
           1       0.93      0.76      0.83       921
           2       1.00      0.77      0.87       997
           3       0.87      0.92      0.89       964
           4       0.87      0.88      0.88       952
           5       0.94      0.96      0.95       993
           6       0.95      0.98      0.97       982
           7       0.91      0.85      0.88       951
           8       0.96      0.34      0.50       954
           9       0.84      0.89      0.86       967
          10       0.47      0.99      0.64       923

    accuracy                           0.84     10558
   macro avg       0.88      0.84      0.84     10558
weighted avg       0.89      0.84      0.84     10558
