              precision    recall  f1-score   support

           0       0.95      0.93      0.94       954
           1       0.65      0.98      0.78       921
           2       0.96      0.84      0.89       997
           3       0.82      0.98      0.89       964
           4       0.96      0.85      0.90       952
           5       0.99      0.95      0.97       993
           6       0.95      0.98      0.97       982
           7       0.98      0.77      0.86       951
           8       0.83      0.67      0.74       954
           9       0.83      0.94      0.88       967
          10       0.77      0.65      0.70       923

    accuracy                           0.87     10558
   macro avg       0.88      0.87      0.87     10558
weighted avg       0.88      0.87      0.87     10558
