              precision    recall  f1-score   support

           0       0.99      0.87      0.92       954
           1       0.93      0.77      0.84       921
           2       0.99      0.80      0.88       997
           3       0.84      0.98      0.90       964
           4       0.94      0.86      0.90       952
           5       0.98      0.96      0.97       993
           6       0.96      0.98      0.97       982
           7       0.97      0.81      0.88       951
           8       0.50      0.95      0.65       954
           9       0.79      0.96      0.87       967
          10       0.90      0.39      0.54       923

    accuracy                           0.85     10558
   macro avg       0.89      0.85      0.85     10558
weighted avg       0.89      0.85      0.85     10558
