              precision    recall  f1-score   support

           0       0.99      0.86      0.92       954
           1       0.87      0.79      0.83       921
           2       0.69      0.94      0.79       997
           3       0.87      0.95      0.91       964
           4       0.93      0.87      0.90       952
           5       0.98      0.96      0.97       993
           6       0.96      0.98      0.97       982
           7       0.94      0.85      0.89       951
           8       0.69      0.79      0.74       954
           9       0.79      0.95      0.86       967
          10       0.85      0.50      0.63       923

    accuracy                           0.86     10558
   macro avg       0.87      0.86      0.86     10558
weighted avg       0.87      0.86      0.86     10558
