              precision    recall  f1-score   support

           0       0.96      0.67      0.79       100
           1       0.73      0.91      0.81       100
           2       0.92      0.57      0.70       100
           3       0.51      0.86      0.64       100
           4       0.86      0.81      0.84       100
           5       0.85      0.72      0.78       100
           6       0.60      0.70      0.65       100
           7       0.51      0.61      0.55       100
           8       0.71      0.70      0.70       100
           9       0.70      0.66      0.68       100
          10       0.79      0.53      0.63       100

    accuracy                           0.70      1100
   macro avg       0.74      0.70      0.71      1100
weighted avg       0.74      0.70      0.71      1100
