              precision    recall  f1-score   support

           0       0.94      0.34      0.50       100
           1       0.50      0.01      0.02       100
           2       1.00      0.09      0.17       100
           3       0.94      0.17      0.29       100
           4       0.73      0.62      0.67       100
           5       0.90      0.27      0.42       100
           6       0.12      0.99      0.21       100
           7       1.00      0.03      0.06       100
           8       0.91      0.31      0.46       100
           9       0.88      0.29      0.44       100
          10       0.75      0.12      0.21       100

    accuracy                           0.29      1100
   macro avg       0.79      0.29      0.31      1100
weighted avg       0.79      0.29      0.31      1100
