              precision    recall  f1-score   support

           0       1.00      0.02      0.04       100
           1       0.19      0.21      0.20       100
           2       1.00      0.04      0.08       100
           3       0.33      0.99      0.49       100
           4       0.10      0.08      0.09       100
           5       0.19      0.05      0.08       100
           6       0.17      0.52      0.25       100
           7       0.10      0.18      0.13       100
           8       0.93      0.26      0.41       100
           9       0.28      0.07      0.11       100
          10       0.31      0.08      0.13       100

    accuracy                           0.23      1100
   macro avg       0.42      0.23      0.18      1100
weighted avg       0.42      0.23      0.18      1100
