              precision    recall  f1-score   support

           0       1.00      0.06      0.11       100
           1       0.00      0.00      0.00       100
           2       0.00      0.00      0.00       100
           3       0.38      0.35      0.36       100
           4       0.00      0.00      0.00       100
           5       0.00      0.00      0.00       100
           6       0.16      0.69      0.26       100
           7       0.67      0.02      0.04       100
           8       0.18      0.99      0.30       100
           9       0.00      0.00      0.00       100
          10       0.00      0.00      0.00       100

    accuracy                           0.19      1100
   macro avg       0.22      0.19      0.10      1100
weighted avg       0.22      0.19      0.10      1100
