              precision    recall  f1-score   support

           0       0.94      0.48      0.64       100
           1       0.68      0.43      0.53       100
           2       0.93      0.62      0.74       100
           3       1.00      0.16      0.28       100
           4       0.85      0.61      0.71       100
           5       0.83      0.10      0.18       100
           6       0.92      0.12      0.21       100
           7       0.17      0.93      0.29       100
           8       0.90      0.44      0.59       100
           9       0.96      0.25      0.40       100
          10       0.43      0.84      0.57       100

    accuracy                           0.45      1100
   macro avg       0.78      0.45      0.47      1100
weighted avg       0.78      0.45      0.47      1100
