              precision    recall  f1-score   support

           0       0.62      0.68      0.65       100
           1       0.22      1.00      0.35       100
           2       0.00      0.00      0.00       100
           3       1.00      0.16      0.28       100
           4       1.00      0.05      0.10       100
           5       1.00      0.50      0.67       100
           6       0.84      0.91      0.88       100
           7       0.97      0.70      0.81       100
           8       0.00      0.00      0.00       100
           9       0.44      0.98      0.60       100
          10       0.37      0.18      0.24       100

    accuracy                           0.47      1100
   macro avg       0.59      0.47      0.42      1100
weighted avg       0.59      0.47      0.42      1100
