              precision    recall  f1-score   support

           0       0.72      0.51      0.60       100
           1       0.44      0.92      0.60       100
           2       0.95      0.52      0.67       100
           3       0.95      0.18      0.30       100
           4       0.70      0.51      0.59       100
           5       0.51      0.55      0.53       100
           6       0.27      0.47      0.34       100
           7       0.34      0.88      0.49       100
           8       0.71      0.49      0.58       100
           9       0.93      0.39      0.55       100
          10       0.95      0.20      0.33       100

    accuracy                           0.51      1100
   macro avg       0.68      0.51      0.51      1100
weighted avg       0.68      0.51      0.51      1100
