              precision    recall  f1-score   support

           0       0.69      0.58      0.63       954
           1       0.22      0.95      0.36       921
           2       0.73      0.24      0.37       997
           3       0.64      0.31      0.42       964
           4       0.88      0.60      0.71       952
           5       0.49      0.73      0.58       993
           6       0.57      0.65      0.60       982
           7       0.53      0.30      0.39       951
           8       0.81      0.24      0.37       954
           9       0.75      0.45      0.56       967
          10       0.36      0.14      0.20       923

    accuracy                           0.47     10558
   macro avg       0.61      0.47      0.47     10558
weighted avg       0.61      0.47      0.47     10558
