              precision    recall  f1-score   support

           0       0.90      0.87      0.88       100
           1       0.66      0.54      0.59       100
           2       0.50      0.88      0.64       100
           3       0.47      0.87      0.61       100
           4       0.82      0.67      0.74       100
           5       0.64      0.84      0.72       100
           6       0.51      0.38      0.43       100
           7       0.94      0.44      0.60       100
           8       0.96      0.45      0.61       100
           9       0.78      0.53      0.63       100
          10       0.58      0.63      0.61       100

    accuracy                           0.65      1100
   macro avg       0.70      0.65      0.64      1100
weighted avg       0.70      0.65      0.64      1100
