              precision    recall  f1-score   support

           0       0.95      0.62      0.75       100
           1       0.98      0.40      0.57       100
           2       1.00      0.51      0.68       100
           3       0.68      0.71      0.70       100
           4       0.00      0.00      0.00       100
           5       1.00      0.13      0.23       100
           6       0.24      0.98      0.38       100
           7       0.21      0.84      0.34       100
           8       1.00      0.14      0.25       100
           9       0.00      0.00      0.00       100
          10       0.40      0.02      0.04       100

    accuracy                           0.40      1100
   macro avg       0.59      0.40      0.36      1100
weighted avg       0.59      0.40      0.36      1100
