              precision    recall  f1-score   support

           0       0.95      0.36      0.52       100
           1       0.00      0.00      0.00       100
           2       1.00      0.17      0.29       100
           3       1.00      0.16      0.28       100
           4       1.00      0.40      0.57       100
           5       0.66      0.29      0.40       100
           6       0.75      0.03      0.06       100
           7       1.00      0.10      0.18       100
           8       1.00      0.19      0.32       100
           9       0.96      0.23      0.37       100
          10       0.11      1.00      0.20       100

    accuracy                           0.27      1100
   macro avg       0.77      0.27      0.29      1100
weighted avg       0.77      0.27      0.29      1100
