              precision    recall  f1-score   support

           0       0.19      0.26      0.22       954
           1       0.00      0.00      0.00       921
           2       1.00      0.22      0.36       997
           3       0.78      0.26      0.39       964
           4       0.33      0.00      0.00       952
           5       0.62      0.67      0.65       993
           6       0.68      0.89      0.77       982
           7       0.19      0.19      0.19       951
           8       0.18      0.09      0.12       954
           9       0.39      0.86      0.54       967
          10       0.27      0.82      0.40       923

    accuracy                           0.39     10558
   macro avg       0.42      0.39      0.33     10558
weighted avg       0.43      0.39      0.33     10558
