              precision    recall  f1-score   support

           0       0.39      0.98      0.55       954
           1       0.15      0.04      0.07       921
           2       0.00      0.00      0.00       997
           3       0.95      0.04      0.07       964
           4       0.97      0.68      0.80       952
           5       0.78      0.11      0.20       993
           6       0.84      0.91      0.88       982
           7       0.38      0.62      0.47       951
           8       0.00      0.00      0.00       954
           9       0.56      0.47      0.51       967
          10       0.21      0.82      0.33       923

    accuracy                           0.42     10558
   macro avg       0.47      0.42      0.35     10558
weighted avg       0.48      0.42      0.35     10558
