              precision    recall  f1-score   support

           0       0.63      0.84      0.72       954
           1       0.49      0.64      0.56       921
           2       0.96      0.73      0.82       997
           3       0.89      0.92      0.90       964
           4       0.84      0.60      0.70       952
           5       0.77      0.82      0.79       993
           6       0.98      0.94      0.96       982
           7       0.32      0.82      0.46       951
           8       1.00      0.06      0.12       954
           9       0.70      0.59      0.64       967
          10       0.39      0.14      0.20       923

    accuracy                           0.65     10558
   macro avg       0.72      0.64      0.63     10558
weighted avg       0.73      0.65      0.63     10558
