              precision    recall  f1-score   support

           0       0.46      0.99      0.63       954
           1       0.82      0.74      0.78       921
           2       1.00      0.60      0.75       997
           3       1.00      0.50      0.67       964
           4       0.79      0.80      0.80       952
           5       1.00      0.85      0.92       993
           6       0.97      0.92      0.94       982
           7       0.48      0.69      0.57       951
           8       0.99      0.18      0.30       954
           9       0.97      0.56      0.71       967
          10       0.40      0.78      0.53       923

    accuracy                           0.69     10558
   macro avg       0.81      0.69      0.69     10558
weighted avg       0.81      0.69      0.69     10558
