              precision    recall  f1-score   support

           0       0.99      0.36      0.52       954
           1       1.00      0.08      0.15       921
           2       0.96      0.22      0.36       997
           3       0.99      0.65      0.78       964
           4       0.85      0.83      0.84       952
           5       0.27      0.15      0.19       993
           6       0.97      0.94      0.95       982
           7       0.24      0.92      0.38       951
           8       0.92      0.02      0.05       954
           9       0.46      0.98      0.62       967
          10       0.31      0.37      0.34       923

    accuracy                           0.50     10558
   macro avg       0.72      0.50      0.47     10558
weighted avg       0.72      0.50      0.47     10558
