              precision    recall  f1-score   support

           0       0.67      0.91      0.77       954
           1       0.23      0.12      0.16       921
           2       0.68      0.07      0.13       997
           3       0.65      0.76      0.70       964
           4       0.78      0.28      0.41       952
           5       0.94      0.84      0.89       993
           6       0.87      0.82      0.84       982
           7       0.11      0.44      0.18       951
           8       0.57      0.04      0.07       954
           9       0.54      0.85      0.66       967
          10       0.09      0.01      0.02       923

    accuracy                           0.47     10558
   macro avg       0.56      0.47      0.44     10558
weighted avg       0.56      0.47      0.44     10558
