              precision    recall  f1-score   support

           0       0.78      0.85      0.81       954
           1       0.13      0.09      0.11       921
           2       0.95      0.63      0.76       997
           3       1.00      0.04      0.08       964
           4       0.70      0.82      0.76       952
           5       0.89      0.81      0.85       993
           6       0.89      0.95      0.92       982
           7       0.82      0.13      0.23       951
           8       0.27      0.78      0.40       954
           9       0.79      0.56      0.65       967
          10       0.33      0.54      0.41       923

    accuracy                           0.57     10558
   macro avg       0.69      0.56      0.54     10558
weighted avg       0.69      0.57      0.55     10558
