              precision    recall  f1-score   support

           0       0.90      0.29      0.44       954
           1       0.41      0.97      0.57       921
           2       0.96      0.74      0.84       997
           3       0.72      0.98      0.83       964
           4       0.95      0.46      0.62       952
           5       0.62      0.90      0.73       993
           6       0.97      0.91      0.94       982
           7       0.83      0.61      0.70       951
           8       0.97      0.24      0.39       954
           9       0.57      0.99      0.72       967
          10       0.40      0.23      0.29       923

    accuracy                           0.67     10558
   macro avg       0.75      0.66      0.64     10558
weighted avg       0.76      0.67      0.65     10558
