              precision    recall  f1-score   support

           0       0.92      0.67      0.77       954
           1       0.54      0.63      0.58       921
           2       0.81      0.77      0.79       997
           3       0.83      0.85      0.84       964
           4       0.88      0.62      0.73       952
           5       0.56      0.26      0.35       993
           6       0.95      0.74      0.83       982
           7       0.35      0.46      0.40       951
           8       0.52      0.66      0.58       954
           9       0.59      0.95      0.73       967
          10       0.43      0.42      0.43       923

    accuracy                           0.64     10558
   macro avg       0.67      0.64      0.64     10558
weighted avg       0.67      0.64      0.64     10558
