              precision    recall  f1-score   support

           0       0.23      0.09      0.13       954
           1       0.30      0.91      0.46       921
           2       0.85      0.65      0.74       997
           3       0.59      0.97      0.73       964
           4       0.46      0.80      0.58       952
           5       0.19      0.06      0.09       993
           6       0.73      0.37      0.49       982
           7       0.10      0.17      0.12       951
           8       0.72      0.15      0.25       954
           9       0.37      0.20      0.26       967
          10       0.27      0.07      0.12       923

    accuracy                           0.40     10558
   macro avg       0.44      0.40      0.36     10558
weighted avg       0.44      0.40      0.36     10558
