              precision    recall  f1-score   support

           0       0.79      0.72      0.75       954
           1       0.36      0.82      0.50       921
           2       0.90      0.57      0.70       997
           3       0.76      0.90      0.82       964
           4       0.92      0.64      0.75       952
           5       0.80      0.91      0.85       993
           6       0.96      0.78      0.86       982
           7       0.46      0.67      0.54       951
           8       0.97      0.12      0.21       954
           9       0.65      0.90      0.76       967
          10       0.28      0.10      0.15       923

    accuracy                           0.65     10558
   macro avg       0.71      0.65      0.63     10558
weighted avg       0.72      0.65      0.63     10558
