              precision    recall  f1-score   support

           0       0.97      0.85      0.91       954
           1       0.71      0.14      0.23       921
           2       0.29      0.94      0.45       997
           3       0.84      0.98      0.90       964
           4       0.89      0.81      0.85       952
           5       1.00      0.81      0.90       993
           6       0.96      0.97      0.97       982
           7       0.74      0.78      0.76       951
           8       0.97      0.15      0.26       954
           9       0.67      0.90      0.77       967
          10       0.39      0.03      0.06       923

    accuracy                           0.68     10558
   macro avg       0.77      0.67      0.64     10558
weighted avg       0.77      0.68      0.64     10558
