              precision    recall  f1-score   support

           0       0.99      0.84      0.91       954
           1       0.34      0.94      0.50       921
           2       0.94      0.29      0.44       997
           3       0.86      0.97      0.91       964
           4       0.92      0.79      0.85       952
           5       1.00      0.89      0.94       993
           6       0.95      0.98      0.97       982
           7       0.78      0.79      0.79       951
           8       0.59      0.44      0.51       954
           9       0.70      0.94      0.80       967
          10       0.55      0.05      0.09       923

    accuracy                           0.72     10558
   macro avg       0.78      0.72      0.70     10558
weighted avg       0.79      0.72      0.70     10558
