              precision    recall  f1-score   support

           0       0.97      0.88      0.92       954
           1       0.39      0.88      0.54       921
           2       0.92      0.34      0.50       997
           3       0.84      0.98      0.91       964
           4       0.95      0.74      0.83       952
           5       1.00      0.89      0.94       993
           6       0.98      0.96      0.97       982
           7       0.87      0.74      0.80       951
           8       0.96      0.27      0.42       954
           9       0.68      0.97      0.80       967
          10       0.41      0.48      0.44       923

    accuracy                           0.74     10558
   macro avg       0.82      0.74      0.73     10558
weighted avg       0.82      0.74      0.74     10558
