              precision    recall  f1-score   support

           0       0.96      0.86      0.91       954
           1       0.60      0.95      0.74       921
           2       0.91      0.80      0.85       997
           3       0.91      0.66      0.77       964
           4       0.93      0.71      0.80       952
           5       0.96      0.92      0.94       993
           6       0.93      0.97      0.95       982
           7       0.71      0.90      0.79       951
           8       0.95      0.26      0.41       954
           9       0.70      0.93      0.80       967
          10       0.56      0.73      0.64       923

    accuracy                           0.79     10558
   macro avg       0.83      0.79      0.78     10558
weighted avg       0.83      0.79      0.78     10558
