              precision    recall  f1-score   support

           0       0.92      0.86      0.89       954
           1       0.32      0.08      0.12       921
           2       0.76      0.11      0.19       997
           3       0.73      0.95      0.83       964
           4       0.17      0.60      0.27       952
           5       0.48      0.95      0.63       993
           6       0.62      0.98      0.76       982
           7       0.86      0.48      0.61       951
           8       0.82      0.03      0.06       954
           9       0.83      0.20      0.32       967
          10       0.22      0.10      0.14       923

    accuracy                           0.49     10558
   macro avg       0.61      0.49      0.44     10558
weighted avg       0.61      0.49      0.44     10558
