              precision    recall  f1-score   support

           0       0.98      0.43      0.60       954
           1       0.34      0.22      0.26       921
           2       0.48      0.89      0.62       997
           3       0.97      0.17      0.28       964
           4       0.35      0.95      0.51       952
           5       0.64      0.95      0.77       993
           6       0.89      0.90      0.90       982
           7       0.89      0.36      0.51       951
           8       0.82      0.33      0.47       954
           9       0.89      0.52      0.66       967
          10       0.56      0.68      0.61       923

    accuracy                           0.59     10558
   macro avg       0.71      0.58      0.56     10558
weighted avg       0.71      0.59      0.57     10558
