              precision    recall  f1-score   support

           0       0.95      0.97      0.96       954
           1       0.91      0.87      0.89       921
           2       0.97      0.87      0.92       997
           3       0.94      0.86      0.90       964
           4       0.94      0.94      0.94       952
           5       0.99      0.98      0.98       993
           6       0.98      0.98      0.98       982
           7       0.87      0.94      0.91       951
           8       0.69      0.87      0.77       954
           9       0.94      0.92      0.93       967
          10       0.79      0.71      0.75       923

    accuracy                           0.90     10558
   macro avg       0.91      0.90      0.90     10558
weighted avg       0.91      0.90      0.90     10558
