              precision    recall  f1-score   support

           0       0.93      0.27      0.42       954
           1       0.17      0.60      0.27       921
           2       0.27      0.08      0.13       997
           3       0.16      0.19      0.17       964
           4       0.46      0.85      0.59       952
           5       0.83      0.44      0.57       993
           6       0.91      0.91      0.91       982
           7       0.35      0.03      0.06       951
           8       0.67      0.10      0.18       954
           9       0.41      0.56      0.47       967
          10       0.19      0.17      0.18       923

    accuracy                           0.38     10558
   macro avg       0.49      0.38      0.36     10558
weighted avg       0.49      0.38      0.36     10558
