              precision    recall  f1-score   support

           0       0.99      0.85      0.91       954
           1       0.62      0.56      0.59       921
           2       0.96      0.27      0.42       997
           3       0.94      0.78      0.85       964
           4       0.97      0.74      0.84       952
           5       0.97      0.95      0.96       993
           6       0.95      0.98      0.96       982
           7       0.74      0.88      0.80       951
           8       0.32      0.88      0.48       954
           9       0.71      0.95      0.81       967
          10       0.77      0.07      0.12       923

    accuracy                           0.72     10558
   macro avg       0.81      0.72      0.71     10558
weighted avg       0.81      0.72      0.71     10558
