              precision    recall  f1-score   support

           0       0.82      0.54      0.65       954
           1       0.50      0.51      0.50       921
           2       0.63      0.38      0.47       997
           3       0.47      0.71      0.57       964
           4       0.76      0.71      0.74       952
           5       0.78      0.37      0.50       993
           6       0.62      0.58      0.60       982
           7       0.51      0.40      0.45       951
           8       0.39      0.50      0.44       954
           9       0.39      0.75      0.51       967
          10       0.41      0.36      0.39       923

    accuracy                           0.53     10558
   macro avg       0.57      0.53      0.53     10558
weighted avg       0.57      0.53      0.53     10558
