              precision    recall  f1-score   support

           0       1.00      0.01      0.01       954
           1       0.20      0.26      0.23       921
           2       0.43      0.10      0.16       997
           3       0.32      0.89      0.47       964
           4       0.03      0.04      0.03       952
           5       0.50      0.00      0.00       993
           6       0.07      0.19      0.10       982
           7       0.12      0.29      0.17       951
           8       0.91      0.17      0.28       954
           9       0.93      0.01      0.03       967
          10       0.30      0.05      0.09       923

    accuracy                           0.18     10558
   macro avg       0.44      0.18      0.14     10558
weighted avg       0.44      0.18      0.14     10558
