              precision    recall  f1-score   support

           0       0.50      0.13      0.21       100
           1       0.08      0.01      0.02       100
           2       0.60      0.25      0.35       100
           3       0.72      0.96      0.82       100
           4       0.66      0.71      0.68       100
           5       0.22      0.02      0.04       100
           6       0.96      0.22      0.36       100
           7       0.29      0.34      0.31       100
           8       0.75      0.03      0.06       100
           9       0.13      0.82      0.23       100
          10       0.75      0.03      0.06       100

    accuracy                           0.32      1100
   macro avg       0.51      0.32      0.28      1100
weighted avg       0.51      0.32      0.28      1100
