              precision    recall  f1-score   support

           0       0.14      0.70      0.23       100
           1       0.00      0.00      0.00       100
           2       1.00      0.01      0.02       100
           3       0.65      0.98      0.78       100
           4       1.00      0.12      0.21       100
           5       0.88      0.76      0.82       100
           6       0.80      0.86      0.83       100
           7       0.67      0.04      0.08       100
           8       0.00      0.00      0.00       100
           9       0.45      0.98      0.61       100
          10       0.00      0.00      0.00       100

    accuracy                           0.40      1100
   macro avg       0.51      0.40      0.33      1100
weighted avg       0.51      0.40      0.33      1100
