              precision    recall  f1-score   support

           0       0.46      0.06      0.11       100
           1       0.00      0.00      0.00       100
           2       0.71      0.05      0.09       100
           3       1.00      0.16      0.28       100
           4       0.79      0.64      0.71       100
           5       0.39      0.46      0.42       100
           6       0.89      0.87      0.88       100
           7       0.15      0.80      0.26       100
           8       0.00      0.00      0.00       100
           9       0.40      0.83      0.54       100
          10       0.50      0.01      0.02       100

    accuracy                           0.35      1100
   macro avg       0.48      0.35      0.30      1100
weighted avg       0.48      0.35      0.30      1100
