              precision    recall  f1-score   support

           0       0.90      0.94      0.92       100
           1       0.26      0.40      0.31       100
           2       1.00      0.65      0.79       100
           3       0.89      0.24      0.38       100
           4       0.92      0.22      0.35       100
           5       0.99      0.87      0.93       100
           6       0.87      0.97      0.92       100
           7       0.25      0.57      0.35       100
           8       0.49      0.38      0.43       100
           9       0.54      0.94      0.69       100
          10       0.33      0.16      0.21       100

    accuracy                           0.58      1100
   macro avg       0.68      0.58      0.57      1100
weighted avg       0.68      0.58      0.57      1100
