              precision    recall  f1-score   support

           0       1.00      0.42      0.59       100
           1       0.25      0.03      0.05       100
           2       0.29      0.98      0.45       100
           3       0.82      0.95      0.88       100
           4       0.48      0.95      0.64       100
           5       0.57      0.66      0.61       100
           6       1.00      0.36      0.53       100
           7       0.94      0.45      0.61       100
           8       0.52      0.35      0.42       100
           9       0.72      0.81      0.76       100
          10       0.50      0.06      0.11       100

    accuracy                           0.55      1100
   macro avg       0.64      0.55      0.51      1100
weighted avg       0.64      0.55      0.51      1100
