              precision    recall  f1-score   support

           0       0.00      0.00      0.00       100
           1       0.00      0.00      0.00       100
           2       0.00      0.00      0.00       100
           3       0.50      0.01      0.02       100
           4       0.00      0.00      0.00       100
           5       0.00      0.00      0.00       100
           6       0.00      0.00      0.00       100
           7       0.00      0.00      0.00       100
           8       0.00      0.00      0.00       100
           9       0.00      0.00      0.00       100
          10       0.09      0.97      0.17       100

    accuracy                           0.09      1100
   macro avg       0.05      0.09      0.02      1100
weighted avg       0.05      0.09      0.02      1100
